   5.0657397e+02   8.7871082e+02
   4.3427788e+02   8.3627467e+02
   3.6855415e+02   6.9835719e+02
   3.2254755e+02   5.9226682e+02
   2.6011001e+02   4.6495838e+02
   2.8639950e+02   3.2350455e+02
   3.6526797e+02   1.5729631e+02
   6.6102472e+02   1.6083265e+02
   7.1031751e+02   3.1996821e+02
   7.3660700e+02   4.6142203e+02
   6.8402802e+02   5.9580317e+02
   6.5116616e+02   6.9835719e+02
   5.9530100e+02   8.2566564e+02
   2.9954424e+02   5.7458509e+02
   2.6011001e+02   5.3214895e+02
   2.4696526e+02   4.4020396e+02
   2.5025145e+02   3.8362243e+02
   2.3053433e+02   2.1387784e+02
   2.7325475e+02   9.3642083e+01
   7.7604124e+02   9.3642083e+01
   8.0561691e+02   2.1387784e+02
   7.7604124e+02   3.9069512e+02
   7.6618268e+02   4.4727665e+02
   7.6618268e+02   5.2861260e+02
   7.1031751e+02   6.1348490e+02
   3.8498508e+02   4.4020396e+02
   6.4130760e+02   4.8971280e+02
   2.8639950e+02   4.1898588e+02
   3.7512652e+02   3.8715877e+02
   4.7371211e+02   4.3666761e+02
   5.7229770e+02   4.6495838e+02
   6.5773854e+02   4.5788569e+02
   7.2017607e+02   4.8617645e+02
   5.2300490e+02   4.8264011e+02
   4.8028448e+02   6.0287586e+02
   5.1971872e+02   6.3116663e+02
   5.6901151e+02   6.0287586e+02
   4.2441932e+02   7.4432969e+02
   5.0986016e+02   7.2311161e+02
   5.9858718e+02   7.5493872e+02
   4.5728118e+02   7.9030218e+02
   5.1314634e+02   7.7262045e+02
   5.6572532e+02   7.9030218e+02
