   5.1020008e+02   8.3932089e+02
   4.1888869e+02   8.0817055e+02
   3.4402763e+02   7.3208459e+02
   3.0749262e+02   6.2921614e+02
   2.9681028e+02   4.6208439e+02
   3.2826203e+02   3.3695270e+02
   4.1844806e+02   2.6941145e+02
   5.9309877e+02   2.6557146e+02
   6.8877288e+02   3.5310823e+02
   7.1629176e+02   4.5953486e+02
   7.1183590e+02   6.1530964e+02
   6.8037546e+02   7.2285597e+02
   6.0925288e+02   8.0405148e+02
   2.7676092e+02   6.1716385e+02
   2.5011778e+02   5.3966777e+02
   2.5264809e+02   4.6771226e+02
   2.4978120e+02   3.1625982e+02
   3.2353672e+02   1.8678549e+02
   4.6693345e+02   1.1144515e+02
   6.2075809e+02   1.4054280e+02
   7.2311083e+02   2.2890862e+02
   7.6702233e+02   3.4812612e+02
   7.6132886e+02   4.6308754e+02
   7.6316434e+02   5.3638855e+02
   7.4080982e+02   6.0695392e+02
   4.1044037e+02   4.8593860e+02
   6.0747258e+02   4.8439428e+02
   3.4042030e+02   4.4407864e+02
   3.9671844e+02   4.2614437e+02
   4.5853683e+02   4.4259948e+02
   5.5707784e+02   4.4055250e+02
   6.1889033e+02   4.2205162e+02
   6.7577730e+02   4.3971252e+02
   5.1069085e+02   4.9383306e+02
   4.5468134e+02   6.1223577e+02
   5.0986381e+02   6.2476759e+02
   5.6552447e+02   6.0950593e+02
   4.2836642e+02   6.9139645e+02
   5.1337644e+02   6.7884857e+02
   5.9679487e+02   6.8928689e+02
   4.6999781e+02   7.1992020e+02
   5.1645507e+02   7.3319841e+02
   5.6518545e+02   7.1682090e+02
