   5.1437767e+02   8.3525900e+02
   4.1164592e+02   8.0057639e+02
   3.4542656e+02   7.3401254e+02
   3.0452830e+02   6.2279314e+02
   2.9153290e+02   4.6765447e+02
   3.2565403e+02   3.5346506e+02
   4.0299713e+02   2.6815513e+02
   5.9616794e+02   2.6563534e+02
   6.8993250e+02   3.6068190e+02
   7.2662204e+02   4.6115713e+02
   7.1447149e+02   6.1544528e+02
   6.7751300e+02   7.2587110e+02
   6.1129013e+02   7.9399393e+02
   2.6858053e+02   6.0929460e+02
   2.4771638e+02   5.3220873e+02
   2.4742914e+02   4.6273360e+02
   2.5705246e+02   3.0928860e+02
   3.3101233e+02   1.8435912e+02
   4.6564091e+02   1.1004177e+02
   6.2017129e+02   1.3055079e+02
   7.2889587e+02   2.2463237e+02
   7.8169054e+02   3.5830095e+02
   7.8764389e+02   4.7875151e+02
   7.7970400e+02   5.5041442e+02
   7.5456319e+02   6.1102742e+02
   4.0851144e+02   4.8642575e+02
   6.0752233e+02   4.8632468e+02
   3.3739244e+02   4.3636922e+02
   3.8341561e+02   4.1758822e+02
   4.4548581e+02   4.3540860e+02
   5.6264784e+02   4.3549893e+02
   6.2147889e+02   4.1517563e+02
   6.7517018e+02   4.3136811e+02
   5.0900690e+02   5.0018700e+02
   4.4773206e+02   6.1254382e+02
   5.0527884e+02   6.2723954e+02
   5.6030581e+02   6.1040506e+02
   4.2802800e+02   6.9530890e+02
   5.0845670e+02   6.7632291e+02
   5.9273217e+02   6.9104319e+02
   4.6701936e+02   7.2515356e+02
   5.1351419e+02   7.4370460e+02
   5.6004129e+02   7.2362801e+02
