   5.0870809e+02   8.4077157e+02
   4.2147539e+02   8.1088274e+02
   3.4352801e+02   7.3139603e+02
   3.0855131e+02   6.3151007e+02
   2.9869506e+02   4.6009508e+02
   3.2919346e+02   3.3105543e+02
   4.2396625e+02   2.6986014e+02
   5.9200264e+02   2.6554865e+02
   6.8835873e+02   3.5040335e+02
   7.1260238e+02   4.5895547e+02
   7.1089462e+02   6.1526119e+02
   6.8139777e+02   7.2177914e+02
   6.0852529e+02   8.0764346e+02
   2.7968248e+02   6.1997429e+02
   2.5097542e+02   5.4233171e+02
   2.5451200e+02   4.6949035e+02
   2.4718432e+02   3.1874955e+02
   3.2086686e+02   1.8765205e+02
   4.6739507e+02   1.1194636e+02
   6.2096766e+02   1.4411137e+02
   7.2104474e+02   2.3043584e+02
   7.6178368e+02   3.4449225e+02
   7.5193064e+02   4.5749326e+02
   7.5725732e+02   5.3137931e+02
   7.3589790e+02   6.0549910e+02
   4.1112928e+02   4.8576461e+02
   6.0745481e+02   4.8370485e+02
   3.4150167e+02   4.4683200e+02
   4.0146945e+02   4.2920014e+02
   4.6319791e+02   4.4516765e+02
   5.5508855e+02   4.4235734e+02
   6.1796585e+02   4.2450734e+02
   6.7599413e+02   4.4269266e+02
   5.1129226e+02   4.9156380e+02
   4.5716323e+02   6.1212575e+02
   5.1150130e+02   6.2388475e+02
   5.6738828e+02   6.0918482e+02
   4.2848728e+02   6.8999914e+02
   5.1513350e+02   6.7975059e+02
   5.9824583e+02   6.8865964e+02
   4.7106154e+02   7.1805115e+02
   5.1750539e+02   7.2944621e+02
   5.6702265e+02   7.1438979e+02
