   5.1100914e+02   8.2061279e+02
   4.2401955e+02   7.9575862e+02
   3.3880527e+02   7.1942082e+02
   3.0862521e+02   6.4840892e+02
   2.7666985e+02   4.8863213e+02
   3.0684991e+02   3.7856368e+02
   4.0094068e+02   2.6316933e+02
   6.1575170e+02   2.5074225e+02
   7.1871896e+02   3.7856368e+02
   7.4889902e+02   4.8685683e+02
   7.3114604e+02   6.3243124e+02
   6.9741539e+02   7.2297142e+02
   6.1042580e+02   7.9398332e+02
   2.8732163e+02   6.2888064e+02
   2.7134395e+02   5.6496993e+02
   2.5004038e+02   4.9040743e+02
   2.1275913e+02   3.7146248e+02
   2.3938860e+02   2.2411278e+02
   3.6721003e+02   9.4516053e+01
   6.2107759e+02   9.0965458e+01
   7.7375319e+02   2.1168570e+02
   8.0038265e+02   3.7323778e+02
   7.6487670e+02   4.9395802e+02
   7.6132610e+02   5.6141933e+02
   7.4712372e+02   6.1467826e+02
   4.0094068e+02   4.6732856e+02
   6.1752699e+02   4.6200266e+02
   3.2460288e+02   4.4247439e+02
   3.6721003e+02   4.0341784e+02
   4.4887372e+02   4.3182260e+02
   5.5894217e+02   4.2827201e+02
   6.5125765e+02   3.8921546e+02
   6.9919069e+02   4.3537320e+02
   5.0923384e+02   4.7087915e+02
   4.5775021e+02   5.9692528e+02
   5.1278443e+02   6.1645356e+02
   5.7669515e+02   5.9514999e+02
   4.3112074e+02   6.8569017e+02
   5.1633503e+02   6.7326308e+02
   5.9977402e+02   6.8391487e+02
   4.7727848e+02   7.0876904e+02
   5.1988562e+02   7.1587023e+02
   5.6071747e+02   7.0876904e+02
