   5.1125102e+02   9.0573714e+02
   4.0175061e+02   8.4776633e+02
   3.6632400e+02   7.5758951e+02
   3.2767679e+02   7.0928051e+02
   3.0835319e+02   5.4825048e+02
   3.4055920e+02   2.9060244e+02
   4.3395661e+02   1.7144022e+02
   5.8210423e+02   1.7144022e+02
   6.8516345e+02   2.9060244e+02
   7.2381066e+02   5.3858868e+02
   7.0448705e+02   6.8995690e+02
   6.5939865e+02   7.6403072e+02
   6.1753084e+02   8.4454573e+02
   2.6326478e+02   7.5114831e+02
   1.7952917e+02   6.3842729e+02
   1.8919097e+02   5.0316207e+02
   3.3733860e+02   2.4229343e+02
   3.4700040e+02   1.8754322e+02
   3.9530940e+02   1.2635181e+02
   6.1753084e+02   1.1991061e+02
   6.7550165e+02   1.7788142e+02
   7.0448705e+02   2.4551403e+02
   8.0110507e+02   5.0316207e+02
   8.4619348e+02   6.3842729e+02
   7.7211967e+02   7.4792771e+02
   3.8886820e+02   4.9350027e+02
   6.3685444e+02   4.9350027e+02
   3.3089739e+02   3.7111745e+02
   3.7598580e+02   3.7111745e+02
   4.2751541e+02   3.8722045e+02
   5.8854544e+02   3.8077925e+02
   6.4651625e+02   3.6467625e+02
   6.9482525e+02   3.7111745e+02
   5.1125102e+02   4.5485307e+02
   4.0819181e+02   5.6757408e+02
   5.1769222e+02   5.7401528e+02
   6.1753084e+02   5.7079468e+02
   3.9530940e+02   6.3842729e+02
   5.1447162e+02   6.3842729e+02
   6.2719264e+02   6.4164790e+02
   4.1463301e+02   7.5758951e+02
   5.2091282e+02   7.8657492e+02
   6.0786904e+02   7.4148651e+02
