   5.0773262e+02   8.2706152e+02
   4.2463947e+02   7.9590159e+02
   3.6231961e+02   7.3011951e+02
   3.2077304e+02   6.0894200e+02
   3.0692418e+02   4.2544464e+02
   3.3808411e+02   3.3542706e+02
   4.3502612e+02   2.7310720e+02
   5.9082577e+02   2.7656942e+02
   6.7045670e+02   3.4581371e+02
   7.1200327e+02   4.4968014e+02
   7.0161663e+02   5.9509315e+02
   6.7391891e+02   7.0588401e+02
   6.1159905e+02   7.8897716e+02
   2.8268868e+02   6.0894200e+02
   2.4114211e+02   5.4315993e+02
   2.4460432e+02   4.6352900e+02
   2.2729325e+02   3.2850263e+02
   2.8268868e+02   2.0386291e+02
   4.3502612e+02   9.6534265e+01
   6.0121241e+02   1.2769419e+02
   7.1892770e+02   2.1078734e+02
   7.6393649e+02   3.3196485e+02
   7.6739870e+02   4.5660457e+02
   7.6047427e+02   5.3277329e+02
   7.3623877e+02   5.9509315e+02
   4.1771504e+02   4.9468893e+02
   6.0813684e+02   4.9468893e+02
   3.6231961e+02   4.4968014e+02
   4.1771504e+02   4.4621793e+02
   4.7311047e+02   4.6006678e+02
   5.5966584e+02   4.6352900e+02
   6.0813684e+02   4.4621793e+02
   6.7045670e+02   4.4968014e+02
   5.1811926e+02   4.9122671e+02
   4.6964826e+02   6.1240422e+02
   5.1811926e+02   6.2625308e+02
   5.6659027e+02   6.0894200e+02
   4.3848833e+02   6.9549737e+02
   5.1811926e+02   7.0242180e+02
   5.8736355e+02   6.9895958e+02
   4.7657269e+02   7.3358173e+02
   5.1811926e+02   7.5089280e+02
   5.7005248e+02   7.3358173e+02
