   5.2195470e+02   8.3811608e+02
   3.9924640e+02   7.9816453e+02
   3.2505067e+02   7.2682249e+02
   2.9936754e+02   6.0982155e+02
   2.8795281e+02   4.4716170e+02
   3.3646540e+02   3.3301444e+02
   4.1636849e+02   2.7023344e+02
   5.8758938e+02   2.7023344e+02
   6.8746823e+02   3.5299021e+02
   7.2171241e+02   4.7569852e+02
   7.0744401e+02   6.0411419e+02
   6.7890719e+02   7.1826145e+02
   6.1612619e+02   8.0101821e+02
   2.8509913e+02   5.8413842e+02
   2.5656232e+02   5.0994269e+02
   2.6226968e+02   4.4716170e+02
   2.6797704e+02   2.8735553e+02
   3.5929485e+02   1.5893986e+02
   4.9056421e+02   1.0757359e+02
   6.4466301e+02   1.3896409e+02
   7.1600505e+02   2.2457454e+02
   7.6737132e+02   3.5869757e+02
   7.7593236e+02   4.5572274e+02
   7.6451764e+02   5.2421110e+02
   7.2741978e+02   5.8128473e+02
   4.1636849e+02   5.0138165e+02
   5.9329674e+02   5.0138165e+02
   3.3646540e+02   4.4716170e+02
   3.9068535e+02   4.3289329e+02
   4.5061266e+02   4.5857643e+02
   5.6190625e+02   4.5572274e+02
   6.1327251e+02   4.3289329e+02
   6.6749246e+02   4.5001538e+02
   5.0483261e+02   5.2135742e+02
   4.5061266e+02   6.3265100e+02
   5.0197893e+02   6.4406573e+02
   5.5619888e+02   6.3265100e+02
   4.2492953e+02   7.0113936e+02
   5.0768630e+02   6.8687095e+02
   5.9044306e+02   6.8972463e+02
   4.6488107e+02   7.3252986e+02
   5.1624734e+02   7.4679826e+02
   5.6475993e+02   7.2396881e+02
