   5.2274268e+02   8.3747681e+02
   4.3007666e+02   8.1567305e+02
   3.5376347e+02   7.5571268e+02
   3.0470500e+02   6.4669384e+02
   2.8290123e+02   4.4500899e+02
   3.0470500e+02   3.1963732e+02
   4.0827289e+02   2.6512790e+02
   5.7180115e+02   2.5967696e+02
   6.9172188e+02   3.5779392e+02
   7.1352565e+02   4.6681276e+02
   7.1352565e+02   6.1398819e+02
   6.8081999e+02   7.1755609e+02
   6.2085963e+02   7.8841834e+02
   2.6654840e+02   6.4124290e+02
   2.1203898e+02   5.3222406e+02
   2.2839181e+02   4.6136182e+02
   2.2294087e+02   2.9783356e+02
   3.1560688e+02   1.7246189e+02
   4.9003702e+02   1.0705059e+02
   6.1540869e+02   1.5065812e+02
   7.0262376e+02   2.2697131e+02
   7.4623130e+02   3.5779392e+02
   7.5713318e+02   4.2320522e+02
   7.6803507e+02   5.0496935e+02
   7.4623130e+02   5.8673348e+02
   4.0827289e+02   5.0496935e+02
   6.1540869e+02   4.9406747e+02
   3.3741065e+02   4.6136182e+02
   3.9737101e+02   4.5045993e+02
   4.7913514e+02   4.7226370e+02
   5.5544833e+02   4.6136182e+02
   6.2085963e+02   4.3410711e+02
   6.8081999e+02   4.5045993e+02
   5.0911532e+02   4.9402908e+02
   4.5675557e+02   6.2730845e+02
   5.2339525e+02   6.4158838e+02
   5.8051498e+02   6.0826854e+02
   4.2343572e+02   6.9394814e+02
   5.2815523e+02   6.7490823e+02
   6.2811476e+02   6.7966820e+02
   4.8307082e+02   7.0938968e+02
   5.3081907e+02   7.0938968e+02
   5.8724882e+02   6.9636743e+02
