   5.0835947e+02   8.3738206e+02
   4.2487010e+02   8.1303099e+02
   3.4485944e+02   7.3302033e+02
   3.2398710e+02   6.3561606e+02
   3.0311475e+02   4.8603092e+02
   3.0659348e+02   3.1905216e+02
   3.9704030e+02   2.5643513e+02
   5.7097651e+02   2.4947768e+02
   6.8577441e+02   3.2253089e+02
   7.0664675e+02   4.7907347e+02
   6.9968930e+02   6.1822244e+02
   6.8577441e+02   7.2954161e+02
   5.9880630e+02   8.1303099e+02
   2.9267858e+02   6.3561606e+02
   2.5789134e+02   5.7299902e+02
   2.5441261e+02   4.9298837e+02
   2.3354027e+02   3.8862664e+02
   2.9615730e+02   2.0773299e+02
   4.9792330e+02   1.0684999e+02
   6.2315737e+02   1.4163723e+02
   7.3795527e+02   2.2860533e+02
   7.8665740e+02   3.4340323e+02
   7.6578506e+02   4.5472240e+02
   7.6578506e+02   5.4516923e+02
   7.3447654e+02   6.2170116e+02
   4.1095520e+02   4.7559475e+02
   6.0924247e+02   4.7211602e+02
   3.3790199e+02   4.4428623e+02
   4.0051903e+02   4.2341389e+02
   4.6661479e+02   4.4428623e+02
   5.3966799e+02   4.3385006e+02
   6.1619992e+02   4.1993516e+02
   6.7881696e+02   4.1993516e+02
   5.1183820e+02   4.9646709e+02
   4.7009351e+02   5.8691392e+02
   5.0488075e+02   6.0082882e+02
   5.5706161e+02   5.9735009e+02
   4.3182754e+02   6.8083947e+02
   5.1531692e+02   6.5996713e+02
   6.0228503e+02   6.8779692e+02
   4.6661479e+02   7.0519054e+02
   5.2227437e+02   7.2258416e+02
   5.7097651e+02   7.1214799e+02
