   4.9953298e+02   8.4850340e+02
   4.1284741e+02   8.0972301e+02
   3.4669264e+02   7.3444344e+02
   3.0563105e+02   6.1810229e+02
   3.0106866e+02   4.7210554e+02
   3.5125504e+02   2.9645321e+02
   4.4934660e+02   2.5311042e+02
   6.1359294e+02   2.7364121e+02
   6.9799731e+02   3.6260798e+02
   7.0712210e+02   4.7438674e+02
   7.0255971e+02   6.0897749e+02
   6.6606052e+02   7.3444344e+02
   5.8849975e+02   8.1428541e+02
   2.8281906e+02   6.0441509e+02
   2.8053786e+02   5.2457312e+02
   2.8281906e+02   4.6982434e+02
   3.0791225e+02   2.8732841e+02
   3.9003542e+02   1.6870605e+02
   5.3146977e+02   1.2080087e+02
   6.5009213e+02   1.9151805e+02
   7.1624690e+02   2.9417201e+02
   7.3221529e+02   3.6260798e+02
   7.3221529e+02   4.9263633e+02
   7.2537170e+02   5.4510391e+02
   7.1852810e+02   6.0897749e+02
   3.9459782e+02   4.7666794e+02
   6.0903054e+02   4.8123034e+02
   3.2159945e+02   4.2648156e+02
   3.8319182e+02   4.1735676e+02
   4.3794060e+02   4.2420036e+02
   5.5884416e+02   4.3104396e+02
   6.2043654e+02   4.1735676e+02
   6.8202891e+02   4.4244995e+02
   5.0409538e+02   4.9947993e+02
   4.3794060e+02   5.9985269e+02
   5.0181418e+02   6.2950828e+02
   5.7253135e+02   5.9757149e+02
   4.1056621e+02   6.8425706e+02
   4.9725178e+02   6.7969466e+02
   5.9534335e+02   6.8881946e+02
   4.4250300e+02   7.1163145e+02
   4.9953298e+02   7.2531865e+02
   5.5428176e+02   7.1163145e+02
