   5.1554008e+02   7.9729079e+02
   4.2558987e+02   7.7656865e+02
   3.4255891e+02   7.1440225e+02
   3.0565627e+02   6.3611863e+02
   2.9412419e+02   5.1869320e+02
   3.0796268e+02   4.0126777e+02
   3.4717175e+02   2.9995955e+02
   6.2855444e+02   2.8153988e+02
   6.8621483e+02   3.9436039e+02
   7.3695597e+02   4.8876122e+02
   7.3695597e+02   6.2460633e+02
   6.9313408e+02   7.1670471e+02
   6.0318387e+02   7.7196373e+02
   2.8028569e+02   6.2690879e+02
   2.7106003e+02   5.8546452e+02
   2.6644720e+02   5.1408828e+02
   2.2954455e+02   3.6673087e+02
   2.7336645e+02   2.1707101e+02
   3.9099364e+02   9.2738203e+01
   5.8473255e+02   6.9713608e+01
   7.5079446e+02   2.0095380e+02
   8.1537410e+02   3.5291612e+02
   7.7155220e+02   4.8876122e+02
   7.7385862e+02   5.5783501e+02
   7.6693937e+02   6.2000141e+02
   4.0713855e+02   4.7264401e+02
   6.2163519e+02   4.7494647e+02
   3.4255891e+02   4.2198990e+02
   3.8176798e+02   4.0817514e+02
   4.6018611e+02   4.2659482e+02
   5.6628122e+02   4.3119974e+02
   6.4008652e+02   4.1508252e+02
   6.7929558e+02   4.2659482e+02
   5.1554008e+02   4.9106368e+02
   4.5326686e+02   5.8546452e+02
   5.1323366e+02   6.0848911e+02
   5.7089405e+02   5.9237190e+02
   4.2789629e+02   6.7526044e+02
   5.0862083e+02   6.6144568e+02
   6.0318387e+02   6.7986536e+02
   4.6018611e+02   7.0288995e+02
   5.0631442e+02   7.2130963e+02
   5.5936197e+02   7.0519241e+02
