   4.9220697e+02   8.4991805e+02
   4.0641058e+02   8.1559950e+02
   3.2747791e+02   7.4353053e+02
   2.8629564e+02   6.4057487e+02
   2.8286379e+02   4.3123168e+02
   3.4120533e+02   3.0082117e+02
   4.3729728e+02   2.5963890e+02
   6.0545821e+02   2.4591148e+02
   7.0155016e+02   3.5229900e+02
   7.1870944e+02   4.3466353e+02
   7.1870944e+02   6.1655188e+02
   6.6379975e+02   7.4696239e+02
   5.9173078e+02   8.1903135e+02
   2.6227265e+02   6.1998373e+02
   2.5197709e+02   5.4105106e+02
   2.4854523e+02   4.7584580e+02
   2.6570451e+02   2.9738931e+02
   3.6866017e+02   1.4981953e+02
   4.9563883e+02   1.2236468e+02
   6.5693604e+02   1.6011509e+02
   7.3586871e+02   2.6307076e+02
   7.4959614e+02   3.6602642e+02
   7.5989170e+02   4.5525467e+02
   7.5302799e+02   5.4791477e+02
   7.3586871e+02   6.1312002e+02
   3.9954687e+02   4.8957322e+02
   6.1232192e+02   4.8957322e+02
   3.3090976e+02   4.2436797e+02
   3.9954687e+02   4.1750426e+02
   4.5788842e+02   4.2779982e+02
   5.6427594e+02   4.3123168e+02
   6.3977676e+02   4.1407240e+02
   6.8439088e+02   4.3123168e+02
   5.0250254e+02   4.9986879e+02
   4.4759285e+02   6.2341559e+02
   5.0593439e+02   6.3371116e+02
   5.6427594e+02   6.1655188e+02
   4.2356986e+02   6.9548455e+02
   5.0936625e+02   6.8862084e+02
   5.8829893e+02   6.9548455e+02
   4.6132027e+02   7.2293940e+02
   5.0593439e+02   7.2980311e+02
   5.6084408e+02   7.1607569e+02
