   5.2473117e+02   8.3760758e+02
   4.0111561e+02   8.0226607e+02
   3.4813751e+02   7.4336357e+02
   3.0693232e+02   6.3733906e+02
   2.8338650e+02   4.5474128e+02
   3.1870523e+02   3.3693627e+02
   4.2466143e+02   2.6625326e+02
   6.0125509e+02   2.6625326e+02
   6.9543838e+02   3.4282652e+02
   7.4253002e+02   4.6063153e+02
   7.1898420e+02   6.3733906e+02
   6.7777901e+02   7.5514407e+02
   6.1891446e+02   8.0226607e+02
   2.4218131e+02   6.3144880e+02
   2.3040840e+02   5.4898529e+02
   2.1863549e+02   4.7241204e+02
   2.3629486e+02   3.1337527e+02
   3.0693232e+02   1.9557025e+02
   4.2466143e+02   1.0721649e+02
   5.9536864e+02   1.0721649e+02
   7.2487066e+02   1.7789950e+02
   7.9550812e+02   3.3104602e+02
   8.2494040e+02   4.6652179e+02
   8.1316749e+02   5.4309504e+02
   7.9550812e+02   6.2555855e+02
   4.0700206e+02   4.9008279e+02
   6.1302800e+02   4.8419254e+02
   3.3047814e+02   4.4296078e+02
   3.6579687e+02   4.0761928e+02
   4.3643434e+02   4.1939978e+02
   5.5416345e+02   4.2529003e+02
   6.3068737e+02   3.9583878e+02
   6.9543838e+02   4.1939978e+02
   5.1295826e+02   4.8419254e+02
   4.3643434e+02   6.2555855e+02
   5.0118535e+02   6.2555855e+02
   5.5416345e+02   6.1377805e+02
   4.4820725e+02   7.1980256e+02
   5.0707180e+02   6.8446106e+02
   5.8948218e+02   7.0802206e+02
   4.8941244e+02   7.3158307e+02
   5.2473117e+02   7.4336357e+02
   5.4827699e+02   7.3158307e+02
