   5.1782881e+02   8.6014186e+02
   4.3515733e+02   8.3127246e+02
   3.3936338e+02   7.3941525e+02
   2.7900008e+02   6.5149478e+02
   2.8031232e+02   4.7434160e+02
   3.0393275e+02   3.4049252e+02
   4.0760017e+02   2.6307002e+02
   5.9525132e+02   2.5782104e+02
   7.1204119e+02   3.3524354e+02
   7.4091060e+02   4.4809668e+02
   7.4747183e+02   6.3574783e+02
   6.9629424e+02   7.4072750e+02
   6.0968602e+02   8.2471123e+02
   2.6587762e+02   6.2262537e+02
   2.3569596e+02   5.6226207e+02
   2.4488168e+02   4.7040486e+02
   2.2388575e+02   3.5099049e+02
   2.8031232e+02   2.2895163e+02
   3.9578995e+02   1.3053320e+02
   6.0312479e+02   1.3053320e+02
   7.2647590e+02   2.2107816e+02
   7.8421471e+02   3.4180477e+02
   7.6584327e+02   4.4547219e+02
   7.8159022e+02   5.1764571e+02
   7.6846776e+02   5.9900495e+02
   4.1284915e+02   4.7565384e+02
   6.1362276e+02   4.7040486e+02
   3.2230419e+02   4.4022321e+02
   3.9841444e+02   4.1004155e+02
   4.4827979e+02   4.1266604e+02
   5.5325945e+02   4.0872931e+02
   6.2936971e+02   4.0085583e+02
   6.9366975e+02   4.2710075e+02
   5.2176555e+02   4.7959058e+02
   4.6140224e+02   6.0031719e+02
   5.1389208e+02   6.0819067e+02
   5.7425538e+02   6.0425393e+02
   4.4303080e+02   6.9611114e+02
   5.2045330e+02   6.7642745e+02
   5.9918805e+02   6.9086216e+02
   4.8108593e+02   7.3154178e+02
   5.2439004e+02   7.3679076e+02
   5.6375742e+02   7.2235605e+02
