   5.1380051e+02   8.3586642e+02
   3.9282886e+02   7.9231663e+02
   3.3476247e+02   7.1005591e+02
   3.2508474e+02   6.2295632e+02
   3.2024587e+02   4.6811261e+02
   3.3960134e+02   3.3746323e+02
   4.4605639e+02   3.1810777e+02
   5.7186690e+02   3.1326890e+02
   6.7348308e+02   3.5681870e+02
   7.0735514e+02   4.4391828e+02
   7.0735514e+02   6.1811745e+02
   6.8316081e+02   7.1489477e+02
   6.2025556e+02   8.1651096e+02
   2.8153495e+02   6.3263405e+02
   2.6701835e+02   5.6005106e+02
   2.6217948e+02   4.8262921e+02
   2.4766288e+02   2.9875231e+02
   3.3960134e+02   1.5842519e+02
   4.6057298e+02   1.0519767e+02
   6.2993329e+02   1.3423087e+02
   7.2671061e+02   2.3584705e+02
   7.6542153e+02   3.1810777e+02
   7.5574380e+02   4.6327375e+02
   7.5574380e+02   5.3585673e+02
   7.4122721e+02   6.2295632e+02
   4.1702319e+02   4.9230694e+02
   5.9122236e+02   4.8262921e+02
   3.4444020e+02   4.4391828e+02
   3.9766773e+02   4.2940168e+02
   4.6057298e+02   4.4391828e+02
   5.4283370e+02   4.4875715e+02
   5.9606123e+02   4.1972395e+02
   6.5896648e+02   4.3907942e+02
   5.0896164e+02   4.8262921e+02
   4.4605639e+02   6.1327859e+02
   5.1380051e+02   5.9876199e+02
   5.6702803e+02   6.1327859e+02
   4.3153979e+02   6.8586158e+02
   5.1863937e+02   6.7134498e+02
   5.9122236e+02   6.8586158e+02
   4.7025072e+02   7.1973364e+02
   5.1863937e+02   7.2941137e+02
   5.7186690e+02   7.1973364e+02
