   4.9550295e+02   8.0341998e+02
   4.0908185e+02   7.8901647e+02
   3.2986251e+02   7.2780152e+02
   2.9025284e+02   6.2337603e+02
   2.7584932e+02   4.6493735e+02
   3.1185811e+02   3.7131449e+02
   4.3428800e+02   3.3170482e+02
   5.9992844e+02   3.1009955e+02
   6.7914778e+02   3.7131449e+02
   7.2235833e+02   4.5773559e+02
   7.2595921e+02   6.0177075e+02
   6.9355130e+02   7.2420064e+02
   6.1433196e+02   7.8541559e+02
   2.6864756e+02   6.0537163e+02
   2.3984053e+02   5.2975317e+02
   2.3984053e+02   4.5413471e+02
   2.2543702e+02   3.2810394e+02
   3.0825723e+02   1.8046790e+02
   4.8470031e+02   7.6042402e+01
   6.6834515e+02   1.3005559e+02
   7.7277064e+02   2.3808196e+02
   7.9437592e+02   3.4250746e+02
   7.6916976e+02   4.3252944e+02
   7.7277064e+02   5.1895053e+02
   7.4396361e+02   5.9456900e+02
   4.0548097e+02   4.9734526e+02
   6.1433196e+02   4.9734526e+02
   3.2986251e+02   4.6853823e+02
   3.9467833e+02   4.3973119e+02
   4.7029680e+02   4.6133647e+02
   5.5311702e+02   4.6853823e+02
   6.1793284e+02   4.3973119e+02
   6.8274866e+02   4.5773559e+02
   5.0630559e+02   4.9374438e+02
   4.5229240e+02   5.9456900e+02
   4.9910383e+02   6.1977515e+02
   5.6031877e+02   6.0177075e+02
   4.1988449e+02   6.8459097e+02
   5.0990647e+02   6.7018746e+02
   5.9272669e+02   6.8099009e+02
   4.5949416e+02   7.1339801e+02
   5.0990647e+02   7.2780152e+02
   5.6752053e+02   7.0619625e+02
