   5.0744364e+02   8.6159722e+02
   4.4383209e+02   8.3869706e+02
   3.2169792e+02   7.0892951e+02
   3.1915346e+02   6.5040689e+02
   3.3696470e+02   4.7483902e+02
   3.7258716e+02   3.2217131e+02
   4.3365425e+02   2.4329300e+02
   5.7105518e+02   2.3311515e+02
   6.7537812e+02   3.5270485e+02
   6.8810043e+02   4.7229456e+02
   7.0591166e+02   6.2496227e+02
   7.0845612e+02   6.8094043e+02
   5.9141088e+02   8.4124153e+02
   2.9625331e+02   6.4786243e+02
   2.8098654e+02   5.7407303e+02
   2.9879777e+02   4.8501687e+02
   2.5554192e+02   2.9672669e+02
   3.3696470e+02   1.7968145e+02
   4.3110978e+02   1.3133668e+02
   5.7105518e+02   1.3388114e+02
   6.7537812e+02   1.8222591e+02
   7.6697874e+02   3.1453793e+02
   7.3135628e+02   4.5448333e+02
   7.5171197e+02   5.3590611e+02
   7.3898966e+02   6.2241781e+02
   4.0820963e+02   4.7483902e+02
   6.0667765e+02   4.7992795e+02
   3.4968700e+02   4.4176102e+02
   4.0312070e+02   4.2649425e+02
   4.6927671e+02   4.4176102e+02
   5.5324395e+02   4.3412763e+02
   6.0667765e+02   4.2649425e+02
   6.7028920e+02   4.4430548e+02
   5.0998810e+02   5.1046149e+02
   4.5909886e+02   6.1987335e+02
   5.0998810e+02   6.2750673e+02
   5.5578841e+02   6.1478442e+02
   4.3110978e+02   6.9111828e+02
   5.1507702e+02   6.9366274e+02
   5.9395534e+02   6.8602935e+02
   4.7945456e+02   7.1147397e+02
   5.2016595e+02   7.2165182e+02
   5.6342180e+02   7.0638505e+02
