   5.1338486e+02   8.3200854e+02
   4.3322293e+02   8.1826650e+02
   3.3931896e+02   7.3581423e+02
   3.0267351e+02   6.4420060e+02
   2.8664112e+02   4.3348925e+02
   3.2099623e+02   3.2355289e+02
   4.1490020e+02   2.6629437e+02
   5.9583712e+02   2.5942335e+02
   6.8057973e+02   3.4416596e+02
   7.1264450e+02   4.3577959e+02
   7.1264450e+02   6.2129719e+02
   6.5996667e+02   7.5413696e+02
   6.0728883e+02   8.0910513e+02
   2.5686669e+02   6.0755515e+02
   2.3396328e+02   5.3197390e+02
   2.3396328e+02   4.6784436e+02
   2.4541499e+02   2.8003642e+02
   3.4618998e+02   1.5864836e+02
   5.1109452e+02   1.0138984e+02
   6.2561155e+02   1.6093870e+02
   7.1951553e+02   2.4110062e+02
   7.5387064e+02   3.2355289e+02
   7.6074166e+02   4.5868300e+02
   7.5387064e+02   5.2739322e+02
   7.4012859e+02   5.8694208e+02
   4.1490020e+02   4.9303811e+02
   6.0957917e+02   4.8616709e+02
   3.3931896e+02   4.5181198e+02
   4.0802918e+02   4.3119891e+02
   4.6299736e+02   4.5410232e+02
   5.5232065e+02   4.4036027e+02
   6.1415985e+02   4.2661823e+02
   6.7599905e+02   4.4265061e+02
   5.1567520e+02   4.9074777e+02
   4.5383600e+02   6.3045856e+02
   5.1567520e+02   6.1213583e+02
   5.7293372e+02   6.2816821e+02
   4.3780361e+02   7.1520116e+02
   5.1796554e+02   6.8542673e+02
   5.9354678e+02   7.0833014e+02
   4.8361043e+02   7.2894321e+02
   5.1796554e+02   7.4039491e+02
   5.6835304e+02   7.2665287e+02
