  5.2858403e+002  8.6525990e+002
  4.0829984e+002  7.9366217e+002
  3.5102165e+002  7.1920052e+002
  3.1951864e+002  6.1609978e+002
  3.0519910e+002  4.6144867e+002
  3.0806301e+002  3.4689229e+002
  3.9111638e+002  2.6956673e+002
  5.8299831e+002  2.6383891e+002
  6.9182687e+002  3.3257274e+002
  7.0614642e+002  4.4426521e+002
  7.1473815e+002  5.9891632e+002
  7.0041860e+002  6.9342533e+002
  6.4886823e+002  7.9652607e+002
  2.9087955e+002  6.1609978e+002
  2.3932918e+002  5.1013513e+002
  2.5651263e+002  4.4712912e+002
  2.6796827e+002  3.2111710e+002
  3.3670210e+002  2.0656073e+002
  4.3121111e+002  1.4069081e+002
  5.7440659e+002  1.3496299e+002
  6.7177951e+002  2.0083291e+002
  7.3478552e+002  3.1538929e+002
  7.3192161e+002  4.2994566e+002
  7.8060807e+002  4.6144867e+002
  7.2619379e+002  5.9605241e+002
  4.2261938e+002  5.0154340e+002
  6.0018177e+002  4.9008776e+002
  3.4529383e+002  4.7576822e+002
  4.1402766e+002  4.5572085e+002
  4.6844194e+002  4.6717649e+002
  5.5149531e+002  4.5858476e+002
  6.0877350e+002  4.4712912e+002
  6.6891560e+002  4.5572085e+002
  5.1426449e+002  5.0440731e+002
  4.7416975e+002  6.3614715e+002
  5.2572012e+002  6.4760278e+002
  5.7727049e+002  6.2469151e+002
  4.3121111e+002  6.9628924e+002
  5.2285621e+002  6.9056142e+002
  6.1450132e+002  6.9056142e+002
  4.8276148e+002  7.3065616e+002
  5.1999231e+002  7.3924789e+002
  5.7440659e+002  7.2206443e+002
