   5.1127490e+02   8.7558028e+02
   4.3555426e+02   8.4441922e+02
   3.7319608e+02   7.6874234e+02
   3.0638375e+02   6.2184017e+02
   3.0638375e+02   4.6603484e+02
   3.3310868e+02   3.3693899e+02
   4.1773764e+02   2.3455263e+02
   6.0035802e+02   2.4345579e+02
   6.8498697e+02   3.3248741e+02
   7.1171191e+02   4.2597061e+02
   7.0725775e+02   6.0848543e+02
   6.7607866e+02   7.2867811e+02
   6.1817464e+02   8.1325815e+02
   2.6184219e+02   5.9513069e+02
   2.4402557e+02   4.9719591e+02
   2.4402557e+02   4.4377693e+02
   2.8411297e+02   2.9687476e+02
   3.4647115e+02   1.9448840e+02
   5.1127490e+02   1.4552101e+02
   6.3599126e+02   1.8113366e+02
   7.2952853e+02   2.7461686e+02
   7.6070762e+02   3.6810006e+02
   7.5625346e+02   4.5713168e+02
   7.6516177e+02   5.1500223e+02
   7.4734515e+02   6.0403385e+02
   3.9992102e+02   4.7938958e+02
   6.0035802e+02   4.7938958e+02
   3.3310868e+02   4.3042219e+02
   3.8210439e+02   4.2151903e+02
   4.3110010e+02   4.3932535e+02
   5.6472477e+02   4.2597061e+02
   6.0481217e+02   4.0816429e+02
   6.6271620e+02   4.2151903e+02
   4.9791244e+02   4.9719591e+02
   4.4000842e+02   6.0403385e+02
   5.0236659e+02   6.3074333e+02
   5.6027062e+02   5.9513069e+02
   4.1773764e+02   6.9751705e+02
   5.1127490e+02   6.7525914e+02
   5.9590386e+02   6.8861389e+02
   4.6227919e+02   7.4203286e+02
   5.1572906e+02   7.6874234e+02
   5.6472477e+02   7.3758128e+02
