   4.9838748e+02   8.2770025e+02
   3.9672345e+02   7.8146350e+02
   3.3818961e+02   7.1673204e+02
   3.0430160e+02   6.0884629e+02
   2.8581723e+02   4.5164132e+02
   3.3202816e+02   3.5916782e+02
   4.0904636e+02   2.6977676e+02
   5.6308277e+02   2.6669431e+02
   6.9555408e+02   3.8074497e+02
   7.2019991e+02   4.5472377e+02
   7.0171554e+02   6.0268138e+02
   6.6166607e+02   7.1056714e+02
   6.0005151e+02   7.8146350e+02
   2.7349432e+02   6.0884629e+02
   2.3652558e+02   5.1945523e+02
   2.4576777e+02   4.3622907e+02
   2.6733287e+02   2.8210656e+02
   3.6899690e+02   1.5572610e+02
   5.1071039e+02   9.7159546e+01
   6.4010098e+02   1.5572610e+02
   7.2328064e+02   2.4511716e+02
   7.6949156e+02   3.8074497e+02
   8.0954103e+02   5.2562013e+02
   7.8181447e+02   6.1192874e+02
   7.3560355e+02   6.2425854e+02
   4.1212709e+02   4.8863073e+02
   6.0929370e+02   4.9171318e+02
   3.4435107e+02   4.3931152e+02
   3.9672345e+02   4.1773437e+02
   4.4909583e+02   4.3314662e+02
   5.6616350e+02   4.3931152e+02
   6.1853588e+02   4.2389927e+02
   6.7090826e+02   4.3931152e+02
   5.1379112e+02   5.0712543e+02
   4.5833801e+02   6.1501119e+02
   5.0762966e+02   6.2734099e+02
   5.6000204e+02   6.1809364e+02
   4.2136928e+02   6.8282509e+02
   5.0762966e+02   6.7357774e+02
   5.8464787e+02   6.8898999e+02
   4.5833801e+02   7.1673204e+02
   5.0454894e+02   7.3830920e+02
   5.6308277e+02   7.1981449e+02
