   5.0608975e+02   8.5289454e+02
   4.2137622e+02   8.2468849e+02
   3.6707267e+02   7.5091883e+02
   3.2145769e+02   6.1856739e+02
   3.0842484e+02   4.7319777e+02
   3.6055624e+02   3.2782814e+02
   4.5395835e+02   2.5405849e+02
   5.9949186e+02   2.6273727e+02
   6.7551682e+02   3.5820389e+02
   6.9723824e+02   4.7536746e+02
   6.8637753e+02   6.0988860e+02
   6.6900040e+02   7.1403400e+02
   6.1035257e+02   8.0299153e+02
   2.8453128e+02   5.9470073e+02
   2.4108844e+02   5.2527047e+02
   2.4543272e+02   4.4933111e+02
   2.7367057e+02   3.1047058e+02
   3.1711341e+02   2.0198579e+02
   5.0608975e+02   1.2387674e+02
   6.0818042e+02   1.5859187e+02
   6.8203325e+02   2.3019183e+02
   7.2982037e+02   3.4518571e+02
   7.3633680e+02   4.5584020e+02
   7.4068108e+02   5.4479773e+02
   7.1244324e+02   5.9904012e+02
   4.1268765e+02   4.6885837e+02
   6.0383614e+02   4.7536746e+02
   3.6707267e+02   4.3848263e+02
   4.1703193e+02   4.2329476e+02
   4.7350762e+02   4.3848263e+02
   5.6473759e+02   4.3414324e+02
   6.1469685e+02   4.2112507e+02
   6.6465611e+02   4.5150081e+02
   5.1260618e+02   4.8404624e+02
   4.5178620e+02   6.1856739e+02
   5.0826190e+02   6.4243404e+02
   5.6473759e+02   6.1205830e+02
   4.1920408e+02   6.8365826e+02
   5.1477832e+02   6.9450674e+02
   6.0383614e+02   6.9450674e+02
   4.6699120e+02   7.1620370e+02
   5.2781117e+02   7.3790066e+02
   5.7342615e+02   7.1620370e+02
