   4.9769479e+02   8.3865882e+02
   4.3399261e+02   8.1875189e+02
   3.5237420e+02   7.3116140e+02
   3.1256035e+02   6.1570121e+02
   3.1455104e+02   4.4251093e+02
   3.4242074e+02   3.1510658e+02
   4.2602984e+02   2.6135787e+02
   6.0320151e+02   2.6135787e+02
   6.8282923e+02   3.3501351e+02
   6.9477339e+02   4.5644578e+02
   6.8481992e+02   6.1769191e+02
   6.6093161e+02   7.2518932e+02
   5.9523874e+02   8.1277981e+02
   2.9663480e+02   6.1371052e+02
   2.6080233e+02   5.2014795e+02
   2.7274649e+02   4.6241786e+02
   2.5084887e+02   3.0515312e+02
   3.3445797e+02   1.8571154e+02
   5.0565756e+02   1.1006521e+02
   6.4500606e+02   1.7177669e+02
   7.3458725e+02   2.4145094e+02
   7.5648487e+02   3.8677153e+02
   7.2861517e+02   4.8829687e+02
   7.3060586e+02   5.5996181e+02
   7.1268962e+02   6.1570121e+02
   4.3001123e+02   4.8829687e+02
   5.9324805e+02   4.9625964e+02
   3.6829975e+02   4.4649231e+02
   4.2204846e+02   4.3454816e+02
   4.6783439e+02   4.5246439e+02
   5.6338765e+02   4.5047370e+02
   6.0718290e+02   4.4052024e+02
   6.5296884e+02   4.5047370e+02
   5.1362033e+02   4.8431548e+02
   4.6186232e+02   6.0972913e+02
   5.0764825e+02   6.2963606e+02
   5.5343419e+02   6.0574775e+02
   4.2602984e+02   6.7144061e+02
   5.0764825e+02   6.5551507e+02
   5.8528528e+02   6.6944992e+02
   4.6385301e+02   7.0926378e+02
   5.0963895e+02   7.2518932e+02
   5.5144350e+02   7.0329170e+02
